240721 0022 01 4 95              03028.70 00000.00                      0103 
240721 0022 02 4 95              06224.49 00000.00                      
240721 0022 03 4 95              03222.73 00000.00                      
240721 0022 04 4 95              05396.04 00000.00                      
240721 0022 05 3 Soler           16363.69 00000.00                      
240721 0052 01 4 95              03013.26 00000.00                      0103 
240721 0052 02 4 95              06151.46 00000.00                      
240721 0052 03 4 95              03175.88 00000.00                      
240721 0052 04 4 95              05290.79 00000.00                      
240721 0052 05 3 Soler           16363.62 00000.00                      
240721 0122 01 4 95              02978.80 00000.00                      0103 
240721 0122 02 4 95              06111.45 00000.00                      
240721 0122 03 4 95              03159.61 00000.00                      
240721 0122 04 4 95              05274.23 00000.00                      
240721 0122 05 3 Soler           16336.33 00000.00                      
240721 0152 01 4 95              02976.61 00000.00                      0103 
240721 0152 02 4 95              06114.67 00000.00                      
240721 0152 03 4 95              03162.52 00000.00                      
240721 0152 04 4 95              05264.79 00000.00                      
240721 0152 05 3 Soler           16336.87 00000.00                      
240721 0222 01 4 95              02999.45 00000.00                      0103 
240721 0222 02 4 95              06103.34 00000.00                      
240721 0222 03 4 95              03161.77 00000.00                      
240721 0222 04 4 95              05192.27 00000.00                      
240721 0222 05 3 Soler           16336.85 00000.00                      
240721 0252 01 4 95              02966.59 00000.00                      0103 
240721 0252 02 4 95              06059.28 00000.00                      
240721 0252 03 4 95              03154.52 00000.00                      
240721 0252 04 4 95              05122.26 00000.00                      
240721 0252 05 3 Soler           16336.74 00000.00                      
240721 0322 01 4 95              02964.45 00000.00                      0103 
240721 0322 02 4 95              06066.06 00000.00                      
240721 0322 03 4 95              03157.47 00000.00                      
240721 0322 04 4 95              05096.25 00000.00                      
240721 0322 05 3 Soler           16316.35 00000.00                      
240721 0352 01 4 95              02959.90 00000.00                      0103 
240721 0352 02 4 95              06051.19 00000.00                      
240721 0352 03 4 95              03158.57 00000.00                      
240721 0352 04 4 95              05073.46 00000.00                      
240721 0352 05 3 Soler           16290.43 00000.00                      
240721 0422 01 4 95              02957.00 00000.00                      0103 
240721 0422 02 4 95              06049.38 00000.00                      
240721 0422 03 4 95              03158.73 00000.00                      
240721 0422 04 4 95              05039.98 00000.00                      
240721 0422 05 3 Soler           16277.84 00000.00                      
240721 0452 01 4 95              02955.35 00000.00                      0103 
240721 0452 02 4 95              06052.53 00000.00                      
240721 0452 03 4 95              03159.38 00000.00                      
240721 0452 04 4 95              05012.63 00000.00                      
240721 0452 05 3 Soler           16224.56 00000.00                      
240721 0522 01 4 95              02953.70 00000.00                      0103 
240721 0522 02 4 95              06053.26 00000.00                      
240721 0522 03 4 95              03160.17 00000.00                      
240721 0522 04 4 95              05009.84 00000.00                      
240721 0522 05 3 Soler           15991.87 00000.00                      
240721 0552 01 4 95              02948.55 00000.00                      0103 
240721 0552 02 4 95              06016.92 00000.00                      
240721 0552 03 4 95              03156.89 00000.00                      
240721 0552 04 4 95              04914.92 00000.00                      
240721 0552 05 3 Soler           15773.40 00000.00                      
240721 0622 01 4 95              02861.64 00000.00                      0103 
240721 0622 02 4 95              05932.15 00000.00                      
240721 0622 03 4 95              03047.19 00000.00                      
240721 0622 04 4 95              04840.67 00000.00                      
240721 0622 05 3 Soler           15599.31 00000.00                      
240721 0652 01 4 95              02729.76 00000.00                      0103 
240721 0652 02 4 95              05659.35 00000.00                      
240721 0652 03 4 95              02901.09 00000.00                      
240721 0652 04 4 95              04803.01 00000.00                      
240721 0652 05 3 Soler           15534.18 00000.00                      
240721 0722 01 4 95              02633.38 00000.00                      0103 
240721 0722 02 4 95              05530.23 00000.00                      
240721 0722 03 4 95              02824.72 00000.00                      
240721 0722 04 4 95              04729.11 00000.00                      
240721 0722 05 3 Soler           15068.34 00000.00                      
240721 0752 01 4 95              02472.92 00000.00                      0103 
240721 0752 02 4 95              05229.26 00000.00                      
240721 0752 03 4 95              02638.90 00000.00                      
240721 0752 04 4 95              04326.56 00000.00                      
240721 0752 05 3 Soler           14849.68 00000.00                      
240721 0822 01 4 95              02307.93 00000.00                      0103 
240721 0822 02 4 95              04946.09 00000.00                      
240721 0822 03 4 95              02468.91 00000.00                      
240721 0822 04 4 95              03972.20 00000.00                      
240721 0822 05 3 Soler           14318.72 00000.00                      
240721 0852 01 4 95              02123.98 00000.00                      0103 
240721 0852 02 4 95              04618.81 00000.00                      
240721 0852 03 4 95              02281.70 00000.00                      
240721 0852 04 4 95              03786.67 00000.00                      
240721 0852 05 3 Soler           13756.41 00000.00                      
240721 0922 01 4 95              01969.74 00000.00 00426.03 240721 0851 0103 
240721 0922 02 4 95              04313.95 00000.00                      
240721 0922 03 4 95              02119.67 00000.00 00426.03 240721 0851 
240721 0922 04 4 95              03369.63 00000.00                      
240721 0922 05 3 Soler           14575.27 00000.00                      
240721 0952 01 4 95              06003.88 00000.00                      0103 
240721 0952 02 4 95              16653.09 00000.00                      
240721 0952 03 4 95              07687.40 00000.00                      
240721 0952 04 4 95              16055.39 00000.00                      
240721 0952 05 3 Soler           15522.77 00000.00 02577.68 240721 0919 
240721 1022 01 4 95              06180.81 00000.00                      0103 
240721 1022 02 4 95              15861.38 00000.00 11940.13 240721 0922 
240721 1022 03 4 95              08846.00 00000.00                      
240721 1022 04 4 95              15091.83 00000.00 11940.13 240721 0922 
240721 1022 05 3 Soler           14849.33 00000.00                      
240721 1052 01 4 95              06353.21 00000.00 05960.35 240721 0923 0103 
240721 1052 02 4 95              15448.20 00000.00                      
240721 1052 03 4 95              08617.07 00000.00 05960.35 240721 0923 
240721 1052 04 4 95              14589.69 00000.00                      
240721 1052 05 3 Soler           14005.00 00000.00                      
240721 1122 01 4 95              06523.80 00000.00                      0103 
240721 1122 02 4 95              15171.13 00000.00                      
240721 1122 03 4 95              08436.25 00000.00                      
240721 1122 04 4 95              14324.57 00000.00                      
240721 1122 05 3 Soler           13595.08 00000.00                      
240721 1152 01 4 95              06692.95 00000.00                      0103 
240721 1152 02 4 95              14790.29 00000.00                      
240721 1152 03 4 95              08233.43 00000.00                      
240721 1152 04 4 95              14039.61 00000.00                      
240721 1152 05 3 Soler           12805.05 00000.00                      
240721 1222 01 4 95              06847.78 00000.00                      0103 
240721 1222 02 4 95              14498.60 00000.00                      
240721 1222 03 4 95              08028.50 00000.00                      
240721 1222 04 4 95              13676.86 00000.00                      
240721 1222 05 3 Soler           12067.16 00000.00                      
240721 1252 01 4 95              07009.09 00000.00                      0103 
240721 1252 02 4 95              14247.57 00000.00                      
240721 1252 03 4 95              07922.73 00000.00                      
240721 1252 04 4 95              13479.12 00000.00                      
240721 1252 05 3 Soler           17705.80 00000.00                      
240721 1322 01 4 95              07209.82 00000.00                      0103 
240721 1322 02 4 95              16946.05 00000.00                      
240721 1322 03 4 95              08913.40 00000.00                      
240721 1322 04 4 95              15785.89 00000.00                      
240721 1322 05 3 Soler           23938.21 00000.00 12703.19 240721 1240 
240721 1352 01 4 95              07383.78 00000.00                      0103 
240721 1352 02 4 95              16320.21 00000.00 02485.67 240721 1305 
240721 1352 03 4 95              09133.06 00000.00                      0204 
240721 1352 04 4 95              15603.21 00000.00 02485.67 240721 1305 
240721 1352 05 3 Soler           23130.52 00000.00                      
240721 1422 01 4 95              07538.57 00000.00 01327.66 240721 1311 0103 
240721 1422 02 4 95              15973.98 00000.00                      
240721 1422 03 4 95              08912.31 00000.00 01327.66 240721 1311 0204 
240721 1422 04 4 95              15215.90 00000.00                      
240721 1422 05 3 Soler           22954.32 00000.00                      
240721 1452 01 4 95              07727.22 00000.00                      0103 
240721 1452 02 4 95              15661.29 00000.00                      
240721 1452 03 4 95              08733.35 00000.00                      
240721 1452 04 4 95              14878.44 00000.00                      
240721 1452 05 3 Soler           22736.10 00000.00                      
240721 1522 01 4 95              07921.84 00000.00                      0103 
240721 1522 02 4 95              15278.64 00000.00                      
240721 1522 03 4 95              08532.89 00000.00                      
240721 1522 04 4 95              14548.50 00000.00                      
240721 1522 05 3 Soler           22356.43 00000.00                      
240721 1552 01 4 95              08037.16 00000.00                      0103 
240721 1552 02 4 95              14853.79 00000.00                      
240721 1552 03 4 95              08243.44 00000.00                      
240721 1552 04 4 95              13995.61 00000.00                      
240721 1552 05 3 Soler           22212.74 00000.00                      
240721 1622 01 4 95              07882.13 00000.00                      0103 
240721 1622 02 4 95              14599.82 00000.00                      
240721 1622 03 4 95              08077.69 00000.00                      
240721 1622 04 4 95              13745.31 00000.00                      
240721 1622 05 3 Soler           21729.81 00000.00                      
240721 1652 01 4 95              07660.71 00000.00                      0103 
240721 1652 02 4 95              14230.48 00000.00                      
240721 1652 03 4 95              07856.97 00000.00                      
240721 1652 04 4 95              13302.58 00000.00                      
240721 1652 05 3 Soler           21619.54 00000.00                      
240721 1722 01 4 95              07509.58 00000.00                      0103 
240721 1722 02 4 95              13958.80 00000.00                      
240721 1722 03 4 95              07704.92 00000.00                      
240721 1722 04 4 95              13063.24 00000.00                      
240721 1722 05 3 Soler           21073.66 00000.00                      
240721 1752 01 4 95              07285.43 00000.00                      0103 
240721 1752 02 4 95              13592.72 00000.00                      
240721 1752 03 4 95              07491.09 00000.00                      
240721 1752 04 4 95              12729.44 00000.00                      
240721 1752 05 3 Soler           20398.11 00000.00                      
240721 1822 01 4 95              07116.20 00000.00                      0103 
240721 1822 02 4 95              13298.61 00000.00                      
240721 1822 03 4 95              07311.09 00000.00                      
240721 1822 04 4 95              12385.71 00000.00                      
240721 1822 05 3 Soler           19892.51 00000.00                      
240721 1852 01 4 95              06955.98 00000.00                      0103 
240721 1852 02 4 95              13008.35 00000.00                      
240721 1852 03 4 95              07122.98 00000.00                      
240721 1852 04 4 95              11939.98 00000.00                      
240721 1852 05 3 Soler           19762.46 00000.00                      
240721 1922 01 4 95              06806.62 00000.00                      0103 
240721 1922 02 4 95              12770.55 00000.00                      
240721 1922 03 4 95              07007.33 00000.00                      
240721 1922 04 4 95              11863.99 00000.00                      
240721 1922 05 3 Soler           19686.29 00000.00                      
240721 1952 01 4 95              06661.73 00000.00                      0103 
240721 1952 02 4 95              12479.68 00000.00                      
240721 1952 03 4 95              06839.62 00000.00                      
240721 1952 04 4 95              11498.73 00000.00                      
240721 1952 05 3 Soler           19598.67 00000.00                      
240721 2022 01 4 95              06519.00 00000.00                      0103 
240721 2022 02 4 95              12286.86 00000.00                      
240721 2022 03 4 95              06735.45 00000.00                      
240721 2022 04 4 95              11428.16 00000.00                      
240721 2022 05 3 Soler           19451.64 00000.00                      
240721 2052 01 4 95              06386.95 00000.00                      0103 
240721 2052 02 4 95              12066.00 00000.00                      
240721 2052 03 4 95              06595.90 00000.00                      
240721 2052 04 4 95              11165.54 00000.00                      
240721 2052 05 3 Soler           19413.24 00000.00                      
240721 2122 01 4 95              06291.98 00000.00                      0103 
240721 2122 02 4 95              11905.49 00000.00                      
240721 2122 03 4 95              06507.16 00000.00                      
240721 2122 04 4 95              11043.24 00000.00                      
240721 2122 05 3 Soler           19059.31 00000.00                      
240721 2152 01 4 95              06204.89 00000.00                      0103 
240721 2152 02 4 95              11758.51 00000.00                      
240721 2152 03 4 95              06421.51 00000.00                      
240721 2152 04 4 95              10873.24 00000.00                      
240721 2152 05 3 Soler           19060.36 00000.00                      
240721 2222 01 4 95              06116.95 00000.00                      0103 
240721 2222 02 4 95              11605.78 00000.00                      
240721 2222 03 4 95              06333.89 00000.00                      
240721 2222 04 4 95              10730.09 00000.00                      
240721 2222 05 3 Soler           19016.47 00000.00                      
240721 2252 01 4 95              06049.70 00000.00                      0103 
240721 2252 02 4 95              11485.06 00000.00                      
240721 2252 03 4 95              06261.39 00000.00                      
240721 2252 04 4 95              10587.88 00000.00                      
240721 2252 05 3 Soler           18979.63 00000.00                      
240721 2322 01 4 95              06012.81 00000.00                      0103 
240721 2322 02 4 95              11429.79 00000.00                      
240721 2322 03 4 95              06226.04 00000.00                      
240721 2322 04 4 95              10540.59 00000.00                      
240721 2322 05 3 Soler           18979.66 00000.00                      
240721 2352 01 4 95              05969.41 00000.00                      0103 
240721 2352 02 4 95              11353.89 00000.00                      
240721 2352 03 4 95              06175.19 00000.00                      
240721 2352 04 4 95              10412.68 00000.00                      
240721 2352 05 3 Soler           18932.41 00000.00                      
