240724 0022 01 4 95              05742.73 00000.00                      0103 
240724 0022 02 4 95              10944.39 00000.00                      
240724 0022 03 4 95              05947.93 00000.00                      
240724 0022 04 4 95              10044.58 00000.00                      
240724 0022 05 3 Soler           18978.34 00000.00                      
240724 0052 01 4 95              05720.86 00000.00                      0103 
240724 0052 02 4 95              10915.55 00000.00                      
240724 0052 03 4 95              05922.68 00000.00                      
240724 0052 04 4 95              10001.76 00000.00                      
240724 0052 05 3 Soler           18979.23 00000.00                      
240724 0122 01 4 95              05716.69 00000.00                      0103 
240724 0122 02 4 95              10904.19 00000.00                      
240724 0122 03 4 95              05918.47 00000.00                      
240724 0122 04 4 95              09965.85 00000.00                      
240724 0122 05 3 Soler           18979.31 00000.00                      
240724 0152 01 4 95              05713.80 00000.00                      0103 
240724 0152 02 4 95              10900.89 00000.00                      
240724 0152 03 4 95              05916.92 00000.00                      
240724 0152 04 4 95              09956.12 00000.00                      
240724 0152 05 3 Soler           18947.48 00000.00                      
240724 0222 01 4 95              05712.02 00000.00                      0103 
240724 0222 02 4 95              10898.86 00000.00                      
240724 0222 03 4 95              05917.18 00000.00                      
240724 0222 04 4 95              09934.35 00000.00                      
240724 0222 05 3 Soler           18947.61 00000.00                      
240724 0252 01 4 95              05709.49 00000.00                      0103 
240724 0252 02 4 95              10882.69 00000.00                      
240724 0252 03 4 95              05915.19 00000.00                      
240724 0252 04 4 95              09897.80 00000.00                      
240724 0252 05 3 Soler           18947.94 00000.00                      
240724 0322 01 4 95              05708.23 00000.00                      0103 
240724 0322 02 4 95              10888.15 00000.00                      
240724 0322 03 4 95              05917.60 00000.00                      
240724 0322 04 4 95              09897.44 00000.00                      
240724 0322 05 3 Soler           18947.79 00000.00                      
240724 0352 01 4 95              05706.86 00000.00                      0103 
240724 0352 02 4 95              10888.98 00000.00                      
240724 0352 03 4 95              05919.64 00000.00                      
240724 0352 04 4 95              09873.92 00000.00                      
240724 0352 05 3 Soler           18948.55 00000.00                      
240724 0422 01 4 95              05706.03 00000.00                      0103 
240724 0422 02 4 95              10890.16 00000.00                      
240724 0422 03 4 95              05920.91 00000.00                      
240724 0422 04 4 95              09874.35 00000.00                      
240724 0422 05 3 Soler           18891.29 00000.00                      
240724 0452 01 4 95              05704.14 00000.00                      0103 
240724 0452 02 4 95              10872.60 00000.00                      
240724 0452 03 4 95              05919.14 00000.00                      
240724 0452 04 4 95              09840.59 00000.00                      
240724 0452 05 3 Soler           18685.86 00000.00                      
240724 0522 01 4 95              05703.06 00000.00                      0103 
240724 0522 02 4 95              10874.41 00000.00                      
240724 0522 03 4 95              05920.42 00000.00                      
240724 0522 04 4 95              09841.16 00000.00                      
240724 0522 05 3 Soler           18685.82 00000.00                      
240724 0552 01 4 95              05698.84 00000.00                      0103 
240724 0552 02 4 95              10833.69 00000.00                      
240724 0552 03 4 95              05906.71 00000.00                      
240724 0552 04 4 95              09733.69 00000.00                      
240724 0552 05 3 Soler           18607.36 00000.00                      
240724 0622 01 4 95              05601.21 00000.00                      0103 
240724 0622 02 4 95              10712.92 00000.00                      
240724 0622 03 4 95              05806.56 00000.00                      
240724 0622 04 4 95              09822.91 00000.00                      
240724 0622 05 3 Soler           17988.43 00000.00                      
240724 0652 01 4 95              05527.88 00000.00                      0103 
240724 0652 02 4 95              10591.66 00000.00                      
240724 0652 03 4 95              05735.69 00000.00                      
240724 0652 04 4 95              09683.48 00000.00                      
240724 0652 05 3 Soler           17988.58 00000.00                      
240724 0722 01 4 95              05426.61 00000.00                      0103 
240724 0722 02 4 95              10417.57 00000.00                      
240724 0722 03 4 95              05632.44 00000.00                      
240724 0722 04 4 95              09515.85 00000.00                      
240724 0722 05 3 Soler           17793.97 00000.00                      
240724 0752 01 4 95              05321.71 00000.00                      0103 
240724 0752 02 4 95              10217.40 00000.00                      
240724 0752 03 4 95              05531.07 00000.00                      
240724 0752 04 4 95              09315.03 00000.00                      
240724 0752 05 3 Soler           17422.19 00000.00                      
240724 0822 01 4 95              05210.53 00000.00                      0103 
240724 0822 02 4 95              10034.33 00000.00                      
240724 0822 03 4 95              05406.60 00000.00                      
240724 0822 04 4 95              09103.06 00000.00                      
240724 0822 05 3 Soler           16858.42 00000.00                      
240724 0852 01 4 95              05055.17 00000.00                      0103 
240724 0852 02 4 95              09755.26 00000.00                      
240724 0852 03 4 95              05241.19 00000.00                      
240724 0852 04 4 95              08826.34 00000.00                      
240724 0852 05 3 Soler           16391.15 00000.00                      
240724 0922 01 4 95              04940.32 00000.00                      0103 
240724 0922 02 4 95              09563.69 00000.00                      
240724 0922 03 4 95              05123.62 00000.00                      
240724 0922 04 4 95              08602.69 00000.00                      
240724 0922 05 3 Soler           16139.05 00000.00                      
240724 0952 01 4 95              04801.22 00000.00                      0103 
240724 0952 02 4 95              09334.28 00000.00                      
240724 0952 03 4 95              05014.08 00000.00                      
240724 0952 04 4 95              08468.63 00000.00                      
240724 0952 05 3 Soler           15881.11 00000.00                      
240724 1022 01 4 95              04691.90 00000.00                      0103 
240724 1022 02 4 95              09132.41 00000.00                      
240724 1022 03 4 95              04890.65 00000.00                      
240724 1022 04 4 95              08254.39 00000.00                      
240724 1022 05 3 Soler           15820.64 00000.00                      
240724 1052 01 4 95              04567.01 00000.00                      0103 
240724 1052 02 4 95              08918.51 00000.00                      
240724 1052 03 4 95              04745.76 00000.00                      
240724 1052 04 4 95              07919.84 00000.00                      
240724 1052 05 3 Soler           15556.54 00000.00                      
240724 1122 01 4 95              04430.55 00000.00                      0103 
240724 1122 02 4 95              08692.25 00000.00                      
240724 1122 03 4 95              04638.56 00000.00                      
240724 1122 04 4 95              07819.90 00000.00                      
240724 1122 05 3 Soler           15379.21 00000.00                      
240724 1152 01 4 95              08103.40 00000.00                      0103 
240724 1152 02 4 95              18154.27 00000.00                      0204 
240724 1152 03 4 95              08705.78 00000.00                      
240724 1152 04 4 95              16669.34 00000.00                      
240724 1152 05 3 Soler           26160.09 00000.00                      
240724 1222 01 4 95              08279.28 00000.00                      0103 
240724 1222 02 4 95              16915.74 00000.00 08785.26 240724 1131 
240724 1222 03 4 95              09513.78 00000.00                      0212 0204 
240724 1222 04 4 95              16224.90 00000.00 08785.26 240724 1131 
240724 1222 05 3 Soler           25952.47 00000.00 10850.43 240724 1128 
240724 1252 01 4 95              08454.66 00000.00 05178.20 240724 1132 0103 
240724 1252 02 4 95              16653.36 00000.00                      
240724 1252 03 4 95              09338.94 00000.00 05178.20 240724 1132 0204 
240724 1252 04 4 95              15931.57 00000.00                      
240724 1252 05 3 Soler           25310.05 00000.00                      
240724 1322 01 4 95              08638.83 00000.00                      0103 
240724 1322 02 4 95              16360.73 00000.00                      
240724 1322 03 4 95              09155.87 00000.00                      0204 
240724 1322 04 4 95              15629.19 00000.00                      
240724 1322 05 3 Soler           24890.64 00000.00                      
240724 1352 01 4 95              08773.95 00000.00                      0103 
240724 1352 02 4 95              16082.48 00000.00                      
240724 1352 03 4 95              08991.48 00000.00                      0204 
240724 1352 04 4 95              15334.54 00000.00                      
240724 1352 05 3 Soler           24338.24 00000.00                      
240724 1422 01 4 95              08676.94 00000.00                      0103 
240724 1422 02 4 95              15931.30 00000.00                      
240724 1422 03 4 95              08880.67 00000.00                      
240724 1422 04 4 95              15144.85 00000.00                      
240724 1422 05 3 Soler           23952.18 00000.00                      
240724 1452 01 4 95              08553.30 00000.00                      0103 
240724 1452 02 4 95              15709.75 00000.00                      
240724 1452 03 4 95              08739.11 00000.00                      
240724 1452 04 4 95              14839.07 00000.00                      
240724 1452 05 3 Soler           23523.46 00000.00                      
240724 1522 01 4 95              08369.75 00000.00                      0103 
240724 1522 02 4 95              15395.74 00000.00                      
240724 1522 03 4 95              08581.52 00000.00                      
240724 1522 04 4 95              14623.47 00000.00                      
240724 1522 05 3 Soler           23273.65 00000.00                      
240724 1552 01 4 95              08225.81 00000.00                      0103 
240724 1552 02 4 95              15086.00 00000.00                      
240724 1552 03 4 95              08423.27 00000.00                      
240724 1552 04 4 95              14342.86 00000.00                      
240724 1552 05 3 Soler           22552.09 00000.00                      
240724 1622 01 4 95              08018.58 00000.00                      0103 
240724 1622 02 4 95              14827.79 00000.00                      
240724 1622 03 4 95              08218.83 00000.00                      
240724 1622 04 4 95              13938.59 00000.00                      
240724 1622 05 3 Soler           21910.91 00000.00                      
240724 1652 01 4 95              07870.68 00000.00                      0103 
240724 1652 02 4 95              14577.83 00000.00                      
240724 1652 03 4 95              08064.69 00000.00                      
240724 1652 04 4 95              13702.20 00000.00                      
240724 1652 05 3 Soler           21876.36 00000.00                      
240724 1722 01 4 95              07676.99 00000.00                      0103 
240724 1722 02 4 95              14224.27 00000.00                      
240724 1722 03 4 95              07842.23 00000.00                      
240724 1722 04 4 95              13088.61 00000.00                      
240724 1722 05 3 Soler           21555.84 00000.00                      
240724 1752 01 4 95              07438.49 00000.00                      0103 
240724 1752 02 4 95              13804.45 00000.00                      
240724 1752 03 4 95              07603.84 00000.00                      
240724 1752 04 4 95              12859.91 00000.00                      
240724 1752 05 3 Soler           21429.48 00000.00                      
240724 1822 01 4 95              07210.35 00000.00                      0103 
240724 1822 02 4 95              13453.16 00000.00                      
240724 1822 03 4 95              07379.94 00000.00                      
240724 1822 04 4 95              12394.51 00000.00                      
240724 1822 05 3 Soler           20804.22 00000.00                      
240724 1852 01 4 95              07017.22 00000.00                      0103 
240724 1852 02 4 95              13130.97 00000.00                      
240724 1852 03 4 95              07212.94 00000.00                      
240724 1852 04 4 95              12159.46 00000.00                      
240724 1852 05 3 Soler           20485.69 00000.00                      
240724 1922 01 4 95              06823.00 00000.00                      0103 
240724 1922 02 4 95              12788.37 00000.00                      
240724 1922 03 4 95              06993.63 00000.00                      
240724 1922 04 4 95              11592.54 00000.00                      
240724 1922 05 3 Soler           20297.63 00000.00                      
240724 1952 01 4 95              06561.50 00000.00                      0103 
240724 1952 02 4 95              12330.34 00000.00                      
240724 1952 03 4 95              06755.32 00000.00                      
240724 1952 04 4 95              11436.03 00000.00                      
240724 1952 05 3 Soler           20206.59 00000.00                      
240724 2022 01 4 95              06424.97 00000.00                      0103 
240724 2022 02 4 95              12118.77 00000.00                      
240724 2022 03 4 95              06626.28 00000.00                      
240724 2022 04 4 95              11228.14 00000.00                      
240724 2022 05 3 Soler           20207.08 00000.00                      
240724 2052 01 4 95              06316.78 00000.00                      0103 
240724 2052 02 4 95              11943.05 00000.00                      
240724 2052 03 4 95              06523.86 00000.00                      
240724 2052 04 4 95              11050.37 00000.00                      
240724 2052 05 3 Soler           20047.39 00000.00                      
240724 2122 01 4 95              06191.61 00000.00                      0103 
240724 2122 02 4 95              11722.20 00000.00                      
240724 2122 03 4 95              06390.49 00000.00                      
240724 2122 04 4 95              10793.42 00000.00                      
240724 2122 05 3 Soler           19927.71 00000.00                      
240724 2152 01 4 95              06065.45 00000.00                      0103 
240724 2152 02 4 95              11528.71 00000.00                      
240724 2152 03 4 95              06283.61 00000.00                      
240724 2152 04 4 95              10664.88 00000.00                      
240724 2152 05 3 Soler           19811.76 00000.00                      
240724 2222 01 4 95              05999.71 00000.00                      0103 
240724 2222 02 4 95              11404.60 00000.00                      
240724 2222 03 4 95              06208.77 00000.00                      
240724 2222 04 4 95              10503.96 00000.00                      
240724 2222 05 3 Soler           19800.73 00000.00                      
240724 2252 01 4 95              05882.17 00000.00                      0103 
240724 2252 02 4 95              11206.28 00000.00                      
240724 2252 03 4 95              06086.24 00000.00                      
240724 2252 04 4 95              10271.14 00000.00                      
240724 2252 05 3 Soler           19734.16 00000.00                      
240724 2322 01 4 95              05797.59 00000.00                      0103 
240724 2322 02 4 95              11068.99 00000.00                      
240724 2322 03 4 95              06007.29 00000.00                      
240724 2322 04 4 95              10158.27 00000.00                      
240724 2322 05 3 Soler           19734.19 00000.00                      
240724 2352 01 4 95              05720.61 00000.00                      0103 
240724 2352 02 4 95              10938.49 00000.00                      
240724 2352 03 4 95              05943.54 00000.00                      
240724 2352 04 4 95              10070.03 00000.00                      
240724 2352 05 3 Soler           19708.22 00000.00                      
